0.300000000000000	0.315000000000000	3.52375000000000
0.301000000000000	0.316834000000000	3.53702000000000
0.302000000000000	0.318674000000000	3.55029000000000
0.303000000000000	0.320520000000000	3.56355000000000
0.304000000000000	0.322371000000000	3.57679000000000
0.305000000000000	0.324227000000000	3.59003000000000
0.306000000000000	0.326089000000000	3.60326000000000
0.307000000000000	0.327957000000000	3.61648000000000
0.308000000000000	0.329830000000000	3.62969000000000
0.309000000000000	0.331709000000000	3.64289000000000
0.310000000000000	0.333593000000000	3.65609000000000
0.311000000000000	0.335483000000000	3.66927000000000
0.312000000000000	0.337378000000000	3.68245000000000
0.313000000000000	0.339278000000000	3.69561000000000
0.314000000000000	0.341185000000000	3.70877000000000
0.315000000000000	0.343096000000000	3.72192000000000
0.316000000000000	0.345014000000000	3.73506000000000
0.317000000000000	0.346936000000000	3.74820000000000
0.318000000000000	0.348865000000000	3.76132000000000
0.319000000000000	0.350798000000000	3.77444000000000
0.320000000000000	0.352738000000000	3.78755000000000
0.321000000000000	0.354682000000000	3.80065000000000
0.322000000000000	0.356633000000000	3.81374000000000
0.323000000000000	0.358589000000000	3.82683000000000
0.324000000000000	0.360550000000000	3.83990000000000
0.325000000000000	0.362517000000000	3.85297000000000
0.326000000000000	0.364489000000000	3.86603000000000
0.327000000000000	0.366467000000000	3.87909000000000
0.328000000000000	0.368450000000000	3.89213000000000
0.329000000000000	0.370439000000000	3.90517000000000
0.330000000000000	0.372434000000000	3.91820000000000
0.331000000000000	0.374434000000000	3.93123000000000
0.332000000000000	0.376439000000000	3.94425000000000
0.333000000000000	0.378450000000000	3.95725000000000
0.334000000000000	0.380467000000000	3.97026000000000
0.335000000000000	0.382489000000000	3.98325000000000
0.336000000000000	0.384517000000000	3.99624000000000
0.337000000000000	0.386550000000000	4.00922000000000
0.338000000000000	0.388589000000000	4.02219000000000
0.339000000000000	0.390633000000000	4.03516000000000
0.340000000000000	0.392683000000000	4.04812000000000
0.341000000000000	0.394739000000000	4.06107000000000
0.342000000000000	0.396800000000000	4.07402000000000
0.343000000000000	0.398866000000000	4.08696000000000
0.344000000000000	0.400939000000000	4.09989000000000
0.345000000000000	0.403016000000000	4.11282000000000
0.346000000000000	0.405100000000000	4.12574000000000
0.347000000000000	0.407189000000000	4.13865000000000
0.348000000000000	0.409284000000000	4.15156000000000
0.349000000000000	0.411384000000000	4.16446000000000
0.350000000000000	0.413490000000000	4.17735000000000
0.351000000000000	0.415601000000000	4.19024000000000
0.352000000000000	0.417718000000000	4.20312000000000
0.353000000000000	0.419841000000000	4.21600000000000
0.354000000000000	0.421970000000000	4.22887000000000
0.355000000000000	0.424104000000000	4.24173000000000
0.356000000000000	0.426244000000000	4.25459000000000
0.357000000000000	0.428389000000000	4.26744000000000
0.358000000000000	0.430540000000000	4.28028000000000
0.359000000000000	0.432697000000000	4.29312000000000
0.360000000000000	0.434860000000000	4.30595000000000
0.361000000000000	0.437028000000000	4.31878000000000
0.362000000000000	0.439202000000000	4.33160000000000
0.363000000000000	0.441382000000000	4.34442000000000
0.364000000000000	0.443568000000000	4.35723000000000
0.365000000000000	0.445759000000000	4.37003000000000
0.366000000000000	0.447956000000000	4.38283000000000
0.367000000000000	0.450159000000000	4.39562000000000
0.368000000000000	0.452368000000000	4.40841000000000
0.369000000000000	0.454582000000000	4.42119000000000
0.370000000000000	0.456803000000000	4.43397000000000
0.371000000000000	0.459029000000000	4.44674000000000
0.372000000000000	0.461261000000000	4.45950000000000
0.373000000000000	0.463499000000000	4.47226000000000
0.374000000000000	0.465743000000000	4.48502000000000
0.375000000000000	0.467992000000000	4.49777000000000
0.376000000000000	0.470248000000000	4.51051000000000
0.377000000000000	0.472509000000000	4.52325000000000
0.378000000000000	0.474777000000000	4.53598000000000
0.379000000000000	0.477050000000000	4.54871000000000
0.380000000000000	0.479330000000000	4.56143000000000
0.381000000000000	0.481615000000000	4.57415000000000
0.382000000000000	0.483906000000000	4.58687000000000
0.383000000000000	0.486204000000000	4.59958000000000
0.384000000000000	0.488507000000000	4.61228000000000
0.385000000000000	0.490817000000000	4.62498000000000
0.386000000000000	0.493132000000000	4.63767000000000
0.387000000000000	0.495454000000000	4.65036000000000
0.388000000000000	0.497781000000000	4.66304000000000
0.389000000000000	0.500115000000000	4.67572000000000
0.390000000000000	0.502455000000000	4.68840000000000
0.391000000000000	0.504801000000000	4.70107000000000
0.392000000000000	0.507154000000000	4.71373000000000
0.393000000000000	0.509512000000000	4.72640000000000
0.394000000000000	0.511877000000000	4.73905000000000
0.395000000000000	0.514248000000000	4.75170000000000
0.396000000000000	0.516625000000000	4.76435000000000
0.397000000000000	0.519009000000000	4.77699000000000
0.398000000000000	0.521398000000000	4.78963000000000
0.399000000000000	0.523795000000000	4.80227000000000
0.400000000000000	0.526197000000000	4.81490000000000
0.401000000000000	0.528606000000000	4.82752000000000
0.402000000000000	0.531021000000000	4.84014000000000
0.403000000000000	0.533443000000000	4.85276000000000
0.404000000000000	0.535871000000000	4.86537000000000
0.405000000000000	0.538306000000000	4.87798000000000
0.406000000000000	0.540747000000000	4.89058000000000
0.407000000000000	0.543194000000000	4.90318000000000
0.408000000000000	0.545648000000000	4.91578000000000
0.409000000000000	0.548109000000000	4.92837000000000
0.410000000000000	0.550576000000000	4.94096000000000
0.411000000000000	0.553050000000000	4.95354000000000
0.412000000000000	0.555531000000000	4.96612000000000
0.413000000000000	0.558018000000000	4.97870000000000
0.414000000000000	0.560512000000000	4.99127000000000
0.415000000000000	0.563013000000000	5.00384000000000
0.416000000000000	0.565520000000000	5.01640000000000
0.417000000000000	0.568034000000000	5.02896000000000
0.418000000000000	0.570555000000000	5.04152000000000
0.419000000000000	0.573083000000000	5.05407000000000
0.420000000000000	0.575618000000000	5.06662000000000
0.421000000000000	0.578159000000000	5.07916000000000
0.422000000000000	0.580708000000000	5.09171000000000
0.423000000000000	0.583264000000000	5.10424000000000
0.424000000000000	0.585826000000000	5.11678000000000
0.425000000000000	0.588396000000000	5.12931000000000
0.426000000000000	0.590972000000000	5.14183000000000
0.427000000000000	0.593556000000000	5.15436000000000
0.428000000000000	0.596147000000000	5.16688000000000
0.429000000000000	0.598745000000000	5.17939000000000
0.430000000000000	0.601350000000000	5.19191000000000
0.431000000000000	0.603963000000000	5.20442000000000
0.432000000000000	0.606583000000000	5.21692000000000
0.433000000000000	0.609210000000000	5.22942000000000
0.434000000000000	0.611844000000000	5.24192000000000
0.435000000000000	0.614486000000000	5.25442000000000
0.436000000000000	0.617136000000000	5.26691000000000
0.437000000000000	0.619792000000000	5.27940000000000
0.438000000000000	0.622457000000000	5.29189000000000
0.439000000000000	0.625129000000000	5.30437000000000
0.440000000000000	0.627808000000000	5.31685000000000
0.441000000000000	0.630495000000000	5.32933000000000
0.442000000000000	0.633190000000000	5.34180000000000
0.443000000000000	0.635892000000000	5.35427000000000
0.444000000000000	0.638603000000000	5.36674000000000
0.445000000000000	0.641321000000000	5.37920000000000
0.446000000000000	0.644047000000000	5.39166000000000
0.447000000000000	0.646780000000000	5.40412000000000
0.448000000000000	0.649522000000000	5.41657000000000
0.449000000000000	0.652272000000000	5.42902000000000
0.450000000000000	0.655029000000000	5.44147000000000
0.451000000000000	0.657795000000000	5.45392000000000
0.452000000000000	0.660569000000000	5.46636000000000
0.453000000000000	0.663351000000000	5.47880000000000
0.454000000000000	0.666141000000000	5.49124000000000
0.455000000000000	0.668940000000000	5.50367000000000
0.456000000000000	0.671747000000000	5.51610000000000
0.457000000000000	0.674562000000000	5.52853000000000
0.458000000000000	0.677386000000000	5.54096000000000
0.459000000000000	0.680218000000000	5.55338000000000
0.460000000000000	0.683059000000000	5.56580000000000
0.461000000000000	0.685908000000000	5.57822000000000
0.462000000000000	0.688766000000000	5.59063000000000
0.463000000000000	0.691632000000000	5.60305000000000
0.464000000000000	0.694508000000000	5.61545000000000
0.465000000000000	0.697392000000000	5.62786000000000
0.466000000000000	0.700285000000000	5.64027000000000
0.467000000000000	0.703187000000000	5.65267000000000
0.468000000000000	0.706098000000000	5.66507000000000
0.469000000000000	0.709018000000000	5.67746000000000
0.470000000000000	0.711947000000000	5.68986000000000
0.471000000000000	0.714885000000000	5.70225000000000
0.472000000000000	0.717832000000000	5.71464000000000
0.473000000000000	0.720789000000000	5.72702000000000
0.474000000000000	0.723755000000000	5.73940000000000
0.475000000000000	0.726730000000000	5.75179000000000
0.476000000000000	0.729715000000000	5.76416000000000
0.477000000000000	0.732709000000000	5.77654000000000
0.478000000000000	0.735713000000000	5.78891000000000
0.479000000000000	0.738727000000000	5.80129000000000
0.480000000000000	0.741751000000000	5.81365000000000
0.481000000000000	0.744784000000000	5.82602000000000
0.482000000000000	0.747827000000000	5.83838000000000
0.483000000000000	0.750880000000000	5.85075000000000
0.484000000000000	0.753943000000000	5.86311000000000
0.485000000000000	0.757016000000000	5.87546000000000
0.486000000000000	0.760100000000000	5.88782000000000
0.487000000000000	0.763193000000000	5.90017000000000
0.488000000000000	0.766297000000000	5.91252000000000
0.489000000000000	0.769411000000000	5.92487000000000
0.490000000000000	0.772536000000000	5.93721000000000
0.491000000000000	0.775671000000000	5.94956000000000
0.492000000000000	0.778817000000000	5.96190000000000
0.493000000000000	0.781974000000000	5.97424000000000
0.494000000000000	0.785141000000000	5.98657000000000
0.495000000000000	0.788320000000000	5.99891000000000
0.496000000000000	0.791509000000000	6.01124000000000
0.497000000000000	0.794709000000000	6.02357000000000
0.498000000000000	0.797921000000000	6.03590000000000
0.499000000000000	0.801143000000000	6.04822000000000
0.500000000000000	0.804377000000000	6.06055000000000
0.501000000000000	0.807622000000000	6.07287000000000
0.502000000000000	0.810879000000000	6.08519000000000
0.503000000000000	0.814148000000000	6.09750000000000
0.504000000000000	0.817428000000000	6.10982000000000
0.505000000000000	0.820719000000000	6.12213000000000
0.506000000000000	0.824023000000000	6.13444000000000
0.507000000000000	0.827338000000000	6.14675000000000
0.508000000000000	0.830666000000000	6.15906000000000
0.509000000000000	0.834006000000000	6.17136000000000
0.510000000000000	0.837358000000000	6.18366000000000
0.511000000000000	0.840722000000000	6.19596000000000
0.512000000000000	0.844098000000000	6.20826000000000
0.513000000000000	0.847488000000000	6.22055000000000
0.514000000000000	0.850890000000000	6.23285000000000
0.515000000000000	0.854304000000000	6.24514000000000
0.516000000000000	0.857732000000000	6.25743000000000
0.517000000000000	0.861172000000000	6.26972000000000
0.518000000000000	0.864625000000000	6.28200000000000
0.519000000000000	0.868092000000000	6.29428000000000
0.520000000000000	0.871572000000000	6.30656000000000
0.521000000000000	0.875065000000000	6.31884000000000
0.522000000000000	0.878572000000000	6.33112000000000
0.523000000000000	0.882093000000000	6.34339000000000
0.524000000000000	0.885627000000000	6.35566000000000
0.525000000000000	0.889175000000000	6.36793000000000
0.526000000000000	0.892737000000000	6.38020000000000
0.527000000000000	0.896313000000000	6.39246000000000
0.528000000000000	0.899903000000000	6.40473000000000
0.529000000000000	0.903508000000000	6.41699000000000
0.530000000000000	0.907127000000000	6.42925000000000
0.531000000000000	0.910761000000000	6.44150000000000
0.532000000000000	0.914410000000000	6.45376000000000
0.533000000000000	0.918073000000000	6.46601000000000
0.534000000000000	0.921751000000000	6.47826000000000
0.535000000000000	0.925445000000000	6.49050000000000
0.536000000000000	0.929154000000000	6.50275000000000
0.537000000000000	0.932878000000000	6.51499000000000
0.538000000000000	0.936617000000000	6.52723000000000
0.539000000000000	0.940373000000000	6.53947000000000
0.540000000000000	0.944144000000000	6.55170000000000
0.541000000000000	0.947931000000000	6.56394000000000
0.542000000000000	0.951734000000000	6.57617000000000
0.543000000000000	0.955554000000000	6.58839000000000
0.544000000000000	0.959390000000000	6.60062000000000
0.545000000000000	0.963242000000000	6.61284000000000
0.546000000000000	0.967112000000000	6.62506000000000
0.547000000000000	0.970998000000000	6.63728000000000
0.548000000000000	0.974901000000000	6.64949000000000
0.549000000000000	0.978821000000000	6.66170000000000
0.550000000000000	0.982759000000000	6.67391000000000
0.551000000000000	0.986714000000000	6.68612000000000
0.552000000000000	0.990686000000000	6.69832000000000
0.553000000000000	0.994677000000000	6.71052000000000
0.554000000000000	0.998685000000000	6.72272000000000
0.555000000000000	1.00271000000000	6.73492000000000
0.556000000000000	1.00676000000000	6.74711000000000
0.557000000000000	1.01082000000000	6.75930000000000
0.558000000000000	1.01490000000000	6.77148000000000
0.559000000000000	1.01900000000000	6.78366000000000
0.560000000000000	1.02312000000000	6.79584000000000
0.561000000000000	1.02726000000000	6.80802000000000
0.562000000000000	1.03142000000000	6.82019000000000
0.563000000000000	1.03560000000000	6.83236000000000
0.564000000000000	1.03980000000000	6.84453000000000
0.565000000000000	1.04402000000000	6.85669000000000
0.566000000000000	1.04826000000000	6.86885000000000
0.567000000000000	1.05251000000000	6.88101000000000
0.568000000000000	1.05679000000000	6.89316000000000
0.569000000000000	1.06109000000000	6.90531000000000
0.570000000000000	1.06541000000000	6.91745000000000
0.571000000000000	1.06976000000000	6.92959000000000
0.572000000000000	1.07412000000000	6.94173000000000
0.573000000000000	1.07850000000000	6.95386000000000
0.574000000000000	1.08291000000000	6.96599000000000
0.575000000000000	1.08734000000000	6.97811000000000
0.576000000000000	1.09179000000000	6.99023000000000
0.577000000000000	1.09626000000000	7.00235000000000
0.578000000000000	1.10076000000000	7.01446000000000
0.579000000000000	1.10528000000000	7.02657000000000
0.580000000000000	1.10982000000000	7.03867000000000
0.581000000000000	1.11439000000000	7.05077000000000
0.582000000000000	1.11898000000000	7.06286000000000
0.583000000000000	1.12359000000000	7.07495000000000
0.584000000000000	1.12823000000000	7.08703000000000
0.585000000000000	1.13289000000000	7.09911000000000
0.586000000000000	1.13757000000000	7.11118000000000
0.587000000000000	1.14228000000000	7.12325000000000
0.588000000000000	1.14702000000000	7.13531000000000
0.589000000000000	1.15178000000000	7.14736000000000
0.590000000000000	1.15657000000000	7.15941000000000
0.591000000000000	1.16138000000000	7.17146000000000
0.592000000000000	1.16622000000000	7.18350000000000
0.593000000000000	1.17108000000000	7.19553000000000
0.594000000000000	1.17597000000000	7.20755000000000
0.595000000000000	1.18089000000000	7.21957000000000
0.596000000000000	1.18584000000000	7.23158000000000
0.597000000000000	1.19081000000000	7.24359000000000
0.598000000000000	1.19581000000000	7.25559000000000
0.599000000000000	1.20084000000000	7.26758000000000
0.600000000000000	1.20590000000000	7.27956000000000
0.601000000000000	1.21098000000000	7.29154000000000
0.602000000000000	1.21610000000000	7.30351000000000
0.603000000000000	1.22124000000000	7.31547000000000
0.604000000000000	1.22641000000000	7.32742000000000
0.605000000000000	1.23161000000000	7.33937000000000
0.606000000000000	1.23685000000000	7.35131000000000
0.607000000000000	1.24211000000000	7.36324000000000
0.608000000000000	1.24740000000000	7.37516000000000
0.609000000000000	1.25273000000000	7.38707000000000
0.610000000000000	1.25808000000000	7.39897000000000
0.611000000000000	1.26347000000000	7.41086000000000
0.612000000000000	1.26889000000000	7.42274000000000
0.613000000000000	1.27434000000000	7.43461000000000
0.614000000000000	1.27982000000000	7.44648000000000
0.615000000000000	1.28534000000000	7.45833000000000
0.616000000000000	1.29089000000000	7.47017000000000
0.617000000000000	1.29647000000000	7.48200000000000
0.618000000000000	1.30209000000000	7.49382000000000
0.619000000000000	1.30774000000000	7.50563000000000
0.620000000000000	1.31343000000000	7.51742000000000
0.621000000000000	1.31915000000000	7.52921000000000
0.622000000000000	1.32491000000000	7.54098000000000
0.623000000000000	1.33070000000000	7.55274000000000
0.624000000000000	1.33653000000000	7.56448000000000
0.625000000000000	1.34240000000000	7.57622000000000
0.626000000000000	1.34830000000000	7.58794000000000
0.627000000000000	1.35424000000000	7.59964000000000
0.628000000000000	1.36022000000000	7.61133000000000
0.629000000000000	1.36623000000000	7.62301000000000
0.630000000000000	1.37228000000000	7.63467000000000
0.631000000000000	1.37838000000000	7.64632000000000
0.632000000000000	1.38451000000000	7.65795000000000
0.633000000000000	1.39068000000000	7.66956000000000
0.634000000000000	1.39689000000000	7.68116000000000
0.635000000000000	1.40314000000000	7.69274000000000
0.636000000000000	1.40943000000000	7.70431000000000
0.637000000000000	1.41577000000000	7.71585000000000
0.638000000000000	1.42214000000000	7.72738000000000
0.639000000000000	1.42856000000000	7.73889000000000
0.640000000000000	1.43502000000000	7.75038000000000
0.641000000000000	1.44152000000000	7.76185000000000
0.642000000000000	1.44806000000000	7.77330000000000
0.643000000000000	1.45465000000000	7.78473000000000
0.644000000000000	1.46128000000000	7.79614000000000
0.645000000000000	1.46796000000000	7.80752000000000
0.646000000000000	1.47468000000000	7.81889000000000
0.647000000000000	1.48145000000000	7.83023000000000
0.648000000000000	1.48827000000000	7.84155000000000
0.649000000000000	1.49513000000000	7.85284000000000
0.650000000000000	1.50203000000000	7.86411000000000
0.651000000000000	1.50899000000000	7.87536000000000
0.652000000000000	1.51599000000000	7.88658000000000
0.653000000000000	1.52304000000000	7.89777000000000
0.654000000000000	1.53014000000000	7.90894000000000
0.655000000000000	1.53729000000000	7.92007000000000
0.656000000000000	1.54448000000000	7.93118000000000
0.657000000000000	1.55173000000000	7.94226000000000
0.658000000000000	1.55903000000000	7.95332000000000
0.659000000000000	1.56637000000000	7.96434000000000
0.660000000000000	1.57377000000000	7.97533000000000
0.661000000000000	1.58123000000000	7.98628000000000
0.662000000000000	1.58873000000000	7.99721000000000
0.663000000000000	1.59629000000000	8.00810000000000
0.664000000000000	1.60390000000000	8.01895000000000
0.665000000000000	1.61156000000000	8.02977000000000
0.666000000000000	1.61928000000000	8.04056000000000
0.667000000000000	1.62705000000000	8.05130000000000
0.668000000000000	1.63488000000000	8.06201000000000
0.669000000000000	1.64276000000000	8.07268000000000
0.670000000000000	1.65070000000000	8.08331000000000
0.671000000000000	1.65869000000000	8.09390000000000
0.672000000000000	1.66674000000000	8.10445000000000
0.673000000000000	1.67485000000000	8.11495000000000
0.674000000000000	1.68302000000000	8.12541000000000
0.675000000000000	1.69125000000000	8.13583000000000
0.676000000000000	1.69953000000000	8.14619000000000
0.677000000000000	1.70787000000000	8.15651000000000
0.678000000000000	1.71628000000000	8.16678000000000
0.679000000000000	1.72474000000000	8.17701000000000
0.680000000000000	1.73326000000000	8.18718000000000
0.681000000000000	1.74185000000000	8.19730000000000
0.682000000000000	1.75049000000000	8.20736000000000
0.683000000000000	1.75920000000000	8.21737000000000
0.684000000000000	1.76797000000000	8.22732000000000
0.685000000000000	1.77680000000000	8.23722000000000
0.686000000000000	1.78570000000000	8.24705000000000
0.687000000000000	1.79466000000000	8.25683000000000
0.688000000000000	1.80368000000000	8.26654000000000
0.689000000000000	1.81277000000000	8.27619000000000
0.690000000000000	1.82192000000000	8.28578000000000
0.691000000000000	1.83113000000000	8.29529000000000
0.692000000000000	1.84041000000000	8.30474000000000
0.693000000000000	1.84976000000000	8.31412000000000
0.694000000000000	1.85917000000000	8.32343000000000
0.695000000000000	1.86864000000000	8.33266000000000
0.696000000000000	1.87819000000000	8.34182000000000
0.697000000000000	1.88780000000000	8.35090000000000
0.698000000000000	1.89747000000000	8.35990000000000
0.699000000000000	1.90721000000000	8.36882000000000
0.700000000000000	1.91702000000000	8.37766000000000
0.701000000000000	1.92690000000000	8.38641000000000
0.702000000000000	1.93684000000000	8.39507000000000
0.703000000000000	1.94685000000000	8.40364000000000
0.704000000000000	1.95693000000000	8.41213000000000
0.705000000000000	1.96708000000000	8.42052000000000
0.706000000000000	1.97729000000000	8.42881000000000
0.707000000000000	1.98757000000000	8.43700000000000
0.708000000000000	1.99791000000000	8.44510000000000
0.709000000000000	2.00833000000000	8.45309000000000
0.710000000000000	2.01881000000000	8.46097000000000
0.711000000000000	2.02936000000000	8.46874000000000
0.712000000000000	2.03997000000000	8.47641000000000
0.713000000000000	2.05065000000000	8.48396000000000
0.714000000000000	2.06139000000000	8.49139000000000
0.715000000000000	2.07220000000000	8.49870000000000
0.716000000000000	2.08308000000000	8.50590000000000
0.717000000000000	2.09402000000000	8.51296000000000
0.718000000000000	2.10502000000000	8.51990000000000
0.719000000000000	2.11609000000000	8.52671000000000
0.720000000000000	2.12722000000000	8.53338000000000
0.721000000000000	2.13841000000000	8.53991000000000
0.722000000000000	2.14966000000000	8.54630000000000
0.723000000000000	2.16097000000000	8.55255000000000
0.724000000000000	2.17233000000000	8.55865000000000
0.725000000000000	2.18376000000000	8.56460000000000
0.726000000000000	2.19524000000000	8.57039000000000
0.727000000000000	2.20678000000000	8.57602000000000
0.728000000000000	2.21837000000000	8.58149000000000
0.729000000000000	2.23001000000000	8.58679000000000
0.730000000000000	2.24170000000000	8.59193000000000
0.731000000000000	2.25344000000000	8.59688000000000
0.732000000000000	2.26522000000000	8.60166000000000
0.733000000000000	2.27705000000000	8.60626000000000
0.734000000000000	2.28891000000000	8.61067000000000
0.735000000000000	2.30082000000000	8.61488000000000
0.736000000000000	2.31276000000000	8.61890000000000
0.737000000000000	2.32474000000000	8.62272000000000
0.738000000000000	2.33674000000000	8.62633000000000
0.739000000000000	2.34877000000000	8.62974000000000
0.740000000000000	2.36083000000000	8.63292000000000
0.741000000000000	2.37290000000000	8.63589000000000
0.742000000000000	2.38498000000000	8.63864000000000
0.743000000000000	2.39708000000000	8.64115000000000
0.744000000000000	2.40918000000000	8.64343000000000
0.745000000000000	2.42128000000000	8.64547000000000
0.746000000000000	2.43338000000000	8.64726000000000
0.747000000000000	2.44546000000000	8.64881000000000
0.748000000000000	2.45753000000000	8.65010000000000
0.749000000000000	2.46957000000000	8.65113000000000
0.750000000000000	2.48159000000000	8.65189000000000
0.751000000000000	2.49356000000000	8.65238000000000
0.752000000000000	2.50548000000000	8.65260000000000
0.753000000000000	2.51735000000000	8.65254000000000
0.754000000000000	2.52916000000000	8.65220000000000
0.755000000000000	2.54089000000000	8.65157000000000
0.756000000000000	2.55254000000000	8.65064000000000
0.757000000000000	2.56409000000000	8.64942000000000
0.758000000000000	2.57554000000000	8.64789000000000
0.759000000000000	2.58686000000000	8.64607000000000
0.760000000000000	2.59806000000000	8.64393000000000
0.761000000000000	2.60911000000000	8.64149000000000
0.762000000000000	2.61999000000000	8.63874000000000
0.763000000000000	2.63071000000000	8.63568000000000
0.764000000000000	2.64123000000000	8.63230000000000
0.765000000000000	2.65155000000000	8.62862000000000
0.766000000000000	2.66164000000000	8.62463000000000
0.767000000000000	2.67149000000000	8.62033000000000
0.768000000000000	2.68109000000000	8.61574000000000
0.769000000000000	2.69040000000000	8.61085000000000
0.770000000000000	2.69942000000000	8.60567000000000
0.771000000000000	2.70812000000000	8.60022000000000
0.772000000000000	2.71648000000000	8.59450000000000
0.773000000000000	2.72450000000000	8.58853000000000
0.774000000000000	2.73213000000000	8.58232000000000
0.775000000000000	2.73938000000000	8.57589000000000
0.776000000000000	2.74621000000000	8.56925000000000
0.777000000000000	2.75262000000000	8.56244000000000
0.778000000000000	2.75859000000000	8.55547000000000
0.779000000000000	2.76411000000000	8.54837000000000
0.780000000000000	2.76916000000000	8.54117000000000
0.781000000000000	2.77373000000000	8.53389000000000
0.782000000000000	2.77783000000000	8.52658000000000
0.783000000000000	2.78144000000000	8.51927000000000
0.784000000000000	2.78458000000000	8.51198000000000
0.785000000000000	2.78724000000000	8.50475000000000
0.786000000000000	2.78943000000000	8.49762000000000
0.787000000000000	2.79117000000000	8.49063000000000
0.788000000000000	2.79248000000000	8.48380000000000
0.789000000000000	2.79337000000000	8.47717000000000
0.790000000000000	2.79387000000000	8.47077000000000
0.791000000000000	2.79401000000000	8.46462000000000
0.792000000000000	2.79383000000000	8.45874000000000
0.793000000000000	2.79336000000000	8.45316000000000
0.794000000000000	2.79264000000000	8.44788000000000
0.795000000000000	2.79170000000000	8.44292000000000
0.796000000000000	2.79059000000000	8.43828000000000
0.797000000000000	2.78935000000000	8.43395000000000
0.798000000000000	2.78800000000000	8.42992000000000
0.799000000000000	2.78660000000000	8.42620000000000
0.800000000000000	2.78518000000000	8.42275000000000
0.801000000000000	2.78376000000000	8.41956000000000
0.802000000000000	2.78237000000000	8.41660000000000
0.803000000000000	2.78104000000000	8.41385000000000
0.804000000000000	2.77978000000000	8.41128000000000
0.805000000000000	2.77861000000000	8.40884000000000
0.806000000000000	2.77754000000000	8.40653000000000
0.807000000000000	2.77658000000000	8.40429000000000
0.808000000000000	2.77572000000000	8.40210000000000
0.809000000000000	2.77496000000000	8.39994000000000
0.810000000000000	2.77430000000000	8.39777000000000
0.811000000000000	2.77372000000000	8.39556000000000
0.812000000000000	2.77322000000000	8.39329000000000
0.813000000000000	2.77277000000000	8.39094000000000
0.814000000000000	2.77237000000000	8.38849000000000
0.815000000000000	2.77199000000000	8.38592000000000
0.816000000000000	2.77161000000000	8.38323000000000
0.817000000000000	2.77121000000000	8.38039000000000
0.818000000000000	2.77078000000000	8.37740000000000
0.819000000000000	2.77029000000000	8.37426000000000
0.820000000000000	2.76972000000000	8.37096000000000
0.821000000000000	2.76905000000000	8.36749000000000
0.822000000000000	2.76826000000000	8.36387000000000
0.823000000000000	2.76734000000000	8.36008000000000
0.824000000000000	2.76626000000000	8.35615000000000
0.825000000000000	2.76500000000000	8.35207000000000
0.826000000000000	2.76356000000000	8.34784000000000
0.827000000000000	2.76191000000000	8.34348000000000
0.828000000000000	2.76004000000000	8.33900000000000
0.829000000000000	2.75794000000000	8.33440000000000
0.830000000000000	2.75560000000000	8.32971000000000
0.831000000000000	2.75301000000000	8.32491000000000
0.832000000000000	2.75015000000000	8.32004000000000
0.833000000000000	2.74702000000000	8.31510000000000
0.834000000000000	2.74361000000000	8.31011000000000
0.835000000000000	2.73992000000000	8.30507000000000
0.836000000000000	2.73594000000000	8.30000000000000
0.837000000000000	2.73166000000000	8.29492000000000
0.838000000000000	2.72708000000000	8.28983000000000
0.839000000000000	2.72221000000000	8.28475000000000
0.840000000000000	2.71703000000000	8.27969000000000
0.841000000000000	2.71154000000000	8.27466000000000
0.842000000000000	2.70575000000000	8.26968000000000
0.843000000000000	2.69966000000000	8.26476000000000
0.844000000000000	2.69326000000000	8.25992000000000
0.845000000000000	2.68656000000000	8.25515000000000
0.846000000000000	2.67957000000000	8.25048000000000
0.847000000000000	2.67227000000000	8.24591000000000
0.848000000000000	2.66469000000000	8.24146000000000
0.849000000000000	2.65681000000000	8.23714000000000
0.850000000000000	2.64865000000000	8.23295000000000
0.851000000000000	2.64020000000000	8.22892000000000
0.852000000000000	2.63148000000000	8.22504000000000
0.853000000000000	2.62249000000000	8.22132000000000
0.854000000000000	2.61324000000000	8.21778000000000
0.855000000000000	2.60373000000000	8.21443000000000
0.856000000000000	2.59396000000000	8.21126000000000
0.857000000000000	2.58395000000000	8.20830000000000
0.858000000000000	2.57370000000000	8.20554000000000
0.859000000000000	2.56322000000000	8.20300000000000
0.860000000000000	2.55252000000000	8.20067000000000
0.861000000000000	2.54159000000000	8.19857000000000
0.862000000000000	2.53046000000000	8.19671000000000
0.863000000000000	2.51913000000000	8.19508000000000
0.864000000000000	2.50760000000000	8.19369000000000
0.865000000000000	2.49589000000000	8.19255000000000
0.866000000000000	2.48400000000000	8.19166000000000
0.867000000000000	2.47195000000000	8.19103000000000
0.868000000000000	2.45973000000000	8.19065000000000
0.869000000000000	2.44735000000000	8.19054000000000
0.870000000000000	2.43483000000000	8.19069000000000
0.871000000000000	2.42218000000000	8.19111000000000
0.872000000000000	2.40940000000000	8.19179000000000
0.873000000000000	2.39649000000000	8.19275000000000
0.874000000000000	2.38348000000000	8.19398000000000
0.875000000000000	2.37036000000000	8.19548000000000
0.876000000000000	2.35714000000000	8.19726000000000
0.877000000000000	2.34383000000000	8.19931000000000
0.878000000000000	2.33045000000000	8.20163000000000
0.879000000000000	2.31699000000000	8.20423000000000
0.880000000000000	2.30346000000000	8.20710000000000
0.881000000000000	2.28988000000000	8.21025000000000
0.882000000000000	2.27624000000000	8.21367000000000
0.883000000000000	2.26256000000000	8.21736000000000
0.884000000000000	2.24884000000000	8.22132000000000
0.885000000000000	2.23510000000000	8.22555000000000
0.886000000000000	2.22132000000000	8.23004000000000
0.887000000000000	2.20753000000000	8.23480000000000
0.888000000000000	2.19373000000000	8.23982000000000
0.889000000000000	2.17992000000000	8.24510000000000
0.890000000000000	2.16611000000000	8.25064000000000
0.891000000000000	2.15231000000000	8.25644000000000
0.892000000000000	2.13851000000000	8.26248000000000
0.893000000000000	2.12473000000000	8.26877000000000
0.894000000000000	2.11097000000000	8.27531000000000
0.895000000000000	2.09724000000000	8.28210000000000
0.896000000000000	2.08353000000000	8.28912000000000
0.897000000000000	2.06985000000000	8.29638000000000
0.898000000000000	2.05622000000000	8.30387000000000
0.899000000000000	2.04261000000000	8.31159000000000
0.900000000000000	2.02906000000000	8.31954000000000
0.901000000000000	2.01554000000000	8.32771000000000
0.902000000000000	2.00207000000000	8.33610000000000
0.903000000000000	1.98866000000000	8.34470000000000
0.904000000000000	1.97529000000000	8.35352000000000
0.905000000000000	1.96197000000000	8.36255000000000
0.906000000000000	1.94871000000000	8.37179000000000
0.907000000000000	1.93550000000000	8.38124000000000
0.908000000000000	1.92234000000000	8.39088000000000
0.909000000000000	1.90923000000000	8.40073000000000
0.910000000000000	1.89618000000000	8.41078000000000
0.911000000000000	1.88318000000000	8.42103000000000
0.912000000000000	1.87023000000000	8.43148000000000
0.913000000000000	1.85732000000000	8.44213000000000
0.914000000000000	1.84446000000000	8.45298000000000
0.915000000000000	1.83164000000000	8.46404000000000
0.916000000000000	1.81886000000000	8.47530000000000
0.917000000000000	1.80612000000000	8.48678000000000
0.918000000000000	1.79341000000000	8.49848000000000
0.919000000000000	1.78073000000000	8.51041000000000
0.920000000000000	1.76808000000000	8.52258000000000
0.921000000000000	1.75545000000000	8.53502000000000
0.922000000000000	1.74285000000000	8.54773000000000
0.923000000000000	1.73028000000000	8.56074000000000
0.924000000000000	1.71774000000000	8.57407000000000
0.925000000000000	1.70526000000000	8.58776000000000
0.926000000000000	1.69284000000000	8.60184000000000
0.927000000000000	1.68052000000000	8.61635000000000
0.928000000000000	1.66834000000000	8.63133000000000
0.929000000000000	1.65635000000000	8.64680000000000
0.930000000000000	1.64462000000000	8.66281000000000
0.931000000000000	1.63326000000000	8.67938000000000
0.932000000000000	1.62238000000000	8.69650000000000
0.933000000000000	1.61209000000000	8.71413000000000
0.934000000000000	1.60253000000000	8.73222000000000
0.935000000000000	1.59382000000000	8.75063000000000
0.936000000000000	1.58605000000000	8.76922000000000
0.937000000000000	1.57928000000000	8.78777000000000
0.938000000000000	1.57348000000000	8.80607000000000
0.939000000000000	1.56856000000000	8.82391000000000
0.940000000000000	1.56437000000000	8.84112000000000
0.941000000000000	1.56071000000000	8.85758000000000
0.942000000000000	1.55737000000000	8.87326000000000
0.943000000000000	1.55414000000000	8.88817000000000
0.944000000000000	1.55087000000000	8.90239000000000
0.945000000000000	1.54741000000000	8.91602000000000
0.946000000000000	1.54369000000000	8.92920000000000
0.947000000000000	1.53966000000000	8.94204000000000
0.948000000000000	1.53532000000000	8.95465000000000
0.949000000000000	1.53067000000000	8.96712000000000
0.950000000000000	1.52575000000000	8.97953000000000
0.951000000000000	1.52059000000000	8.99194000000000
0.952000000000000	1.51523000000000	9.00438000000000
0.953000000000000	1.50970000000000	9.01690000000000
0.954000000000000	1.50404000000000	9.02950000000000
0.955000000000000	1.49828000000000	9.04221000000000
0.956000000000000	1.49245000000000	9.05502000000000
0.957000000000000	1.48657000000000	9.06795000000000
0.958000000000000	1.48068000000000	9.08099000000000
0.959000000000000	1.47478000000000	9.09414000000000
0.960000000000000	1.46889000000000	9.10739000000000
0.961000000000000	1.46302000000000	9.12075000000000
0.962000000000000	1.45719000000000	9.13420000000000
0.963000000000000	1.45140000000000	9.14774000000000
0.964000000000000	1.44566000000000	9.16136000000000
0.965000000000000	1.43998000000000	9.17506000000000
0.966000000000000	1.43437000000000	9.18884000000000
0.967000000000000	1.42882000000000	9.20268000000000
0.968000000000000	1.42334000000000	9.21659000000000
0.969000000000000	1.41794000000000	9.23055000000000
0.970000000000000	1.41261000000000	9.24457000000000
0.971000000000000	1.40735000000000	9.25863000000000
0.972000000000000	1.40218000000000	9.27275000000000
0.973000000000000	1.39709000000000	9.28690000000000
0.974000000000000	1.39207000000000	9.30109000000000
0.975000000000000	1.38714000000000	9.31532000000000
0.976000000000000	1.38228000000000	9.32958000000000
0.977000000000000	1.37751000000000	9.34387000000000
0.978000000000000	1.37281000000000	9.35818000000000
0.979000000000000	1.36820000000000	9.37252000000000
0.980000000000000	1.36366000000000	9.38688000000000
0.981000000000000	1.35921000000000	9.40126000000000
0.982000000000000	1.35483000000000	9.41566000000000
0.983000000000000	1.35053000000000	9.43007000000000
0.984000000000000	1.34630000000000	9.44449000000000
0.985000000000000	1.34215000000000	9.45892000000000
0.986000000000000	1.33808000000000	9.47337000000000
0.987000000000000	1.33408000000000	9.48782000000000
0.988000000000000	1.33016000000000	9.50228000000000
0.989000000000000	1.32631000000000	9.51675000000000
0.990000000000000	1.32253000000000	9.53121000000000
0.991000000000000	1.31882000000000	9.54569000000000
0.992000000000000	1.31518000000000	9.56016000000000
0.993000000000000	1.31161000000000	9.57463000000000
0.994000000000000	1.30811000000000	9.58911000000000
0.995000000000000	1.30468000000000	9.60358000000000
0.996000000000000	1.30131000000000	9.61804000000000
0.997000000000000	1.29801000000000	9.63251000000000
0.998000000000000	1.29478000000000	9.64697000000000
0.999000000000000	1.29160000000000	9.66143000000000
1	1.28850000000000	9.67588000000000
1.00100000000000	1.28545000000000	9.69032000000000
1.00200000000000	1.28246000000000	9.70475000000000
1.00300000000000	1.27954000000000	9.71918000000000
1.00400000000000	1.27667000000000	9.73360000000000
1.00500000000000	1.27386000000000	9.74801000000000
1.00600000000000	1.27111000000000	9.76241000000000
1.00700000000000	1.26842000000000	9.77680000000000
1.00800000000000	1.26578000000000	9.79118000000000
1.00900000000000	1.26320000000000	9.80555000000000
1.01000000000000	1.26067000000000	9.81990000000000
1.01100000000000	1.25820000000000	9.83425000000000
1.01200000000000	1.25578000000000	9.84858000000000
1.01300000000000	1.25341000000000	9.86290000000000
1.01400000000000	1.25109000000000	9.87721000000000
1.01500000000000	1.24882000000000	9.89150000000000
1.01600000000000	1.24660000000000	9.90578000000000
1.01700000000000	1.24443000000000	9.92004000000000
1.01800000000000	1.24231000000000	9.93429000000000
1.01900000000000	1.24024000000000	9.94853000000000
1.02000000000000	1.23821000000000	9.96275000000000
1.02100000000000	1.23623000000000	9.97695000000000
1.02200000000000	1.23430000000000	9.99114000000000
1.02300000000000	1.23241000000000	10.0053000000000
1.02400000000000	1.23056000000000	10.0195000000000
1.02500000000000	1.22875000000000	10.0336000000000
1.02600000000000	1.22699000000000	10.0477000000000
1.02700000000000	1.22527000000000	10.0619000000000
1.02800000000000	1.22360000000000	10.0759000000000
1.02900000000000	1.22196000000000	10.0900000000000
1.03000000000000	1.22036000000000	10.1041000000000
1.03100000000000	1.21881000000000	10.1181000000000
1.03200000000000	1.21729000000000	10.1322000000000
1.03300000000000	1.21581000000000	10.1462000000000
1.03400000000000	1.21436000000000	10.1602000000000
1.03500000000000	1.21296000000000	10.1741000000000
1.03600000000000	1.21159000000000	10.1881000000000
1.03700000000000	1.21026000000000	10.2020000000000
1.03800000000000	1.20896000000000	10.2159000000000
1.03900000000000	1.20770000000000	10.2299000000000
1.04000000000000	1.20647000000000	10.2437000000000
1.04100000000000	1.20528000000000	10.2576000000000
1.04200000000000	1.20411000000000	10.2715000000000
1.04300000000000	1.20299000000000	10.2853000000000
1.04400000000000	1.20189000000000	10.2991000000000
1.04500000000000	1.20083000000000	10.3129000000000
1.04600000000000	1.19979000000000	10.3267000000000
1.04700000000000	1.19879000000000	10.3405000000000
1.04800000000000	1.19782000000000	10.3542000000000
1.04900000000000	1.19688000000000	10.3679000000000
1.05000000000000	1.19597000000000	10.3816000000000
1.05100000000000	1.19509000000000	10.3953000000000
1.05200000000000	1.19423000000000	10.4090000000000
1.05300000000000	1.19341000000000	10.4227000000000
1.05400000000000	1.19261000000000	10.4363000000000
1.05500000000000	1.19184000000000	10.4499000000000
1.05600000000000	1.19109000000000	10.4635000000000
1.05700000000000	1.19038000000000	10.4771000000000
1.05800000000000	1.18968000000000	10.4907000000000
1.05900000000000	1.18902000000000	10.5042000000000
1.06000000000000	1.18838000000000	10.5178000000000
1.06100000000000	1.18776000000000	10.5313000000000
1.06200000000000	1.18717000000000	10.5448000000000
1.06300000000000	1.18661000000000	10.5583000000000
1.06400000000000	1.18606000000000	10.5717000000000
1.06500000000000	1.18554000000000	10.5852000000000
1.06600000000000	1.18505000000000	10.5986000000000
1.06700000000000	1.18458000000000	10.6120000000000
1.06800000000000	1.18412000000000	10.6254000000000
1.06900000000000	1.18370000000000	10.6388000000000
1.07000000000000	1.18329000000000	10.6521000000000
1.07100000000000	1.18290000000000	10.6655000000000
1.07200000000000	1.18254000000000	10.6788000000000
1.07300000000000	1.18220000000000	10.6921000000000
1.07400000000000	1.18187000000000	10.7054000000000
1.07500000000000	1.18157000000000	10.7187000000000
1.07600000000000	1.18129000000000	10.7320000000000
1.07700000000000	1.18103000000000	10.7452000000000
1.07800000000000	1.18078000000000	10.7584000000000
1.07900000000000	1.18056000000000	10.7716000000000
1.08000000000000	1.18035000000000	10.7848000000000
1.08100000000000	1.18016000000000	10.7980000000000
1.08200000000000	1.17999000000000	10.8112000000000
1.08300000000000	1.17984000000000	10.8243000000000
1.08400000000000	1.17971000000000	10.8374000000000
1.08500000000000	1.17959000000000	10.8506000000000
1.08600000000000	1.17949000000000	10.8637000000000
1.08700000000000	1.17941000000000	10.8767000000000
1.08800000000000	1.17935000000000	10.8898000000000
1.08900000000000	1.17930000000000	10.9028000000000
1.09000000000000	1.17927000000000	10.9159000000000
1.09100000000000	1.17925000000000	10.9289000000000
1.09200000000000	1.17925000000000	10.9419000000000
1.09300000000000	1.17926000000000	10.9549000000000
1.09400000000000	1.17929000000000	10.9679000000000
1.09500000000000	1.17934000000000	10.9808000000000
1.09600000000000	1.17940000000000	10.9938000000000
1.09700000000000	1.17947000000000	11.0067000000000
1.09800000000000	1.17956000000000	11.0196000000000
1.09900000000000	1.17966000000000	11.0325000000000
1.10000000000000	1.17978000000000	11.0454000000000
